Year,Month,DayofMonth,DayOfWeek,DepTime,CRSDepTime,ArrTime,CRSArrTime,UniqueCarrier,FlightNum,TailNum,ActualElapsedTime,CRSElapsedTime,AirTime,ArrDelay,DepDelay,Origin,Dest,Distance,TaxiIn,TaxiOut,Cancelled,CancellationCode,Diverted,CarrierDelay,WeatherDelay,NASDelay,SecurityDelay,LateAircraftDelay
2006,1,11,3,743,745,1024,1018,US,343,N657AW,281,273,223,6,-2,ATL,PHX,1587,45,13,0,,0,0,0,0,0,0
2006,1,11,3,1053,1053,1313,1318,US,613,N834AW,260,265,214,-5,0,ATL,PHX,1587,27,19,0,,0,0,0,0,0,0
2006,1,11,3,1915,1915,2110,2133,US,617,N605AW,235,258,220,-23,0,ATL,PHX,1587,4,11,0,,0,0,0,0,0,0
2006,1,11,3,1753,1755,1925,1933,US,300,N312AW,152,158,126,-8,-2,AUS,PHX,872,16,10,0,,0,0,0,0,0,0
2006,1,11,3,824,832,1015,1015,US,765,N309AW,171,163,132,0,-8,AUS,PHX,872,27,12,0,,0,0,0,0,0,0
2006,1,11,3,627,630,834,832,US,295,N733UW,127,122,108,2,-3,BDL,CLT,644,6,13,0,,0,0,0,0,0,0
2006,1,11,3,825,820,1041,1021,US,349,N177UW,136,121,111,20,5,BDL,CLT,644,4,21,0,,0,0,0,20,0,0
2006,1,11,3,942,945,1155,1148,US,356,N404US,133,123,121,7,-3,BDL,CLT,644,4,8,0,,0,0,0,0,0,0
2006,1,11,3,1239,1245,1438,1445,US,775,N722UW,119,120,103,-7,-6,BDL,CLT,644,4,12,0,,0,0,0,0,0,0
2006,1,11,3,1642,1645,1841,1845,US,1002,N104UW,119,120,105,-4,-3,BDL,CLT,644,4,10,0,,0,0,0,0,0,0
2006,1,11,3,1836,1835,NA,2035,US,1103,N425US,NA,120,NA,NA,1,BDL,CLT,644,0,17,0,,1,0,0,0,0,0
2006,1,11,3,NA,1725,NA,1845,US,69,0,NA,80,NA,NA,NA,BDL,DCA,313,0,0,1,A,0,0,0,0,0,0
2006,1,11,3,613,620,738,743,US,1159,N162UW,85,83,69,-5,-7,BDL,DCA,313,4,12,0,,0,0,0,0,0,0
2006,1,11,3,1125,1125,1242,1245,US,1249,N782AU,77,80,68,-3,0,BDL,DCA,313,3,6,0,,0,0,0,0,0,0
2006,1,11,3,2045,2045,2205,2200,US,1680,N814MD,80,75,58,5,0,BDL,DCA,313,14,8,0,,0,0,0,0,0,0
2006,1,11,3,1342,1340,1509,1455,US,1681,N808MD,87,75,73,14,2,BDL,DCA,313,4,10,0,,0,0,0,0,0,0
2006,1,11,3,1752,1540,1923,1654,US,127,N105UW,91,74,69,149,132,BDL,PHL,196,3,19,0,,0,0,0,149,0,0
2007,1,1,1,1232,1225,1341,1340,WN,2891,N351,69,75,54,1,7,SMF,ONT,389,4,11,0,,0,0,0,0,0,0
2007,1,1,1,1918,1905,2043,2035,WN,462,N370,85,90,74,8,13,SMF,PDX,479,5,6,0,,0,0,0,0,0,0
2007,1,1,1,2206,2130,2334,2300,WN,1229,N685,88,90,73,34,36,SMF,PDX,479,6,9,0,,0,3,0,0,0,31
2007,1,1,1,1230,1200,1356,1330,WN,1355,N364,86,90,75,26,30,SMF,PDX,479,3,8,0,,0,23,0,0,0,3
2007,1,1,1,1042,1040,1158,1205,WN,1554,N316SW,76,85,66,-7,2,SMF,SAN,480,2,8,0,,0,0,0,0,0,0
2007,1,1,1,1726,1725,1839,1850,WN,1604,N691WN,73,85,63,-11,1,SMF,SAN,480,3,7,0,,0,0,0,0,0,0
2007,1,1,1,1849,1820,2016,1940,WN,1975,N308SW,87,80,69,36,29,SMF,SAN,480,3,15,0,,0,20,0,7,0,9
2007,1,1,1,2219,2105,2332,2225,WN,2083,N205,73,80,62,67,74,SMF,SAN,480,3,8,0,,0,0,0,0,0,67
2007,1,1,1,2012,1940,2131,2105,WN,2577,N603SW,79,85,66,26,32,SMF,SAN,480,3,10,0,,0,9,0,0,0,17
2007,1,1,1,1458,1455,1614,1620,WN,2587,N604SW,76,85,65,-6,3,SMF,SAN,480,2,9,0,,0,0,0,0,0,0
2007,1,1,1,1345,1345,1456,1510,WN,2643,N700GS,71,85,62,-14,0,SMF,SAN,480,2,7,0,,0,0,0,0,0,0
2007,1,1,1,715,720,836,845,WN,2755,N355,81,85,65,-9,-5,SMF,SAN,480,2,14,0,,0,0,0,0,0,0
2007,1,1,1,2119,2100,2310,2250,WN,961,N771,111,110,94,20,19,SMF,SEA,605,9,8,0,,0,19,0,1,0,0
2007,1,1,1,1530,1510,1714,1700,WN,1330,N469,104,110,91,14,20,SMF,SEA,605,5,8,0,,0,0,0,0,0,0
2007,1,1,1,1045,1035,1240,1225,WN,1502,N327,115,110,104,15,10,SMF,SEA,605,5,6,0,,0,6,0,5,0,4
2007,1,1,1,802,800,953,955,WN,2403,N304SW,111,115,98,-2,2,SMF,SEA,605,5,8,0,,0,0,0,0,0,0
2007,1,1,1,1415,1405,1529,1525,WN,976,N204,74,80,64,4,10,SMF,SNA,404,4,6,0,,0,0,0,0,0,0
2007,1,1,1,1630,1630,1746,1750,WN,1146,N707SA,76,80,60,-4,0,SMF,SNA,404,6,10,0,,0,0,0,0,0,0
2007,1,1,1,1527,1525,1637,1645,WN,1240,N718SW,70,80,60,-8,2,SMF,SNA,404,4,6,0,,0,0,0,0,0,0
2007,1,1,1,731,735,844,900,WN,1488,N465,73,85,60,-16,-4,SMF,SNA,404,5,8,0,,0,0,0,0,0,0
2007,1,1,1,1140,1140,1253,1300,WN,1596,N725,73,80,61,-7,0,SMF,SNA,404,6,6,0,,0,0,0,0,0,0
2007,1,1,1,2002,1935,2115,2055,WN,1784,N711HK,73,80,61,20,27,SMF,SNA,404,2,10,0,,0,19,0,0,0,1
2007,1,1,1,946,950,1100,1115,WN,2806,N781,74,85,60,-15,-4,SMF,SNA,404,3,11,0,,0,0,0,0,0,0
2007,1,1,1,1501,1455,1604,1555,WN,795,N781,63,60,46,9,6,SNA,LAS,226,7,10,0,,0,0,0,0,0,0
2007,1,1,1,1233,1155,1342,1300,WN,851,N479,69,65,47,42,38,SNA,LAS,226,15,7,0,,0,0,0,4,0,38
2007,1,1,1,NA,2030,NA,2135,WN,2734,0,NA,65,NA,NA,NA,SNA,LAS,226,0,0,1,A,0,0,0,0,0,0
2007,1,1,1,2057,1815,2205,1920,WN,2782,N781,68,65,50,165,162,SNA,LAS,226,4,14,0,,0,162,0,3,0,0
2007,1,1,1,810,810,1347,1405,WN,873,N774,217,235,205,-18,0,SNA,MDW,1731,4,8,0,,0,0,0,0,0,0
2007,1,1,1,1035,1035,1154,1155,WN,1184,N767,79,80,68,-1,0,SNA,OAK,371,5,6,0,,0,0,0,0,0,0
2007,1,1,1,1714,1715,1835,1835,WN,1737,N718SW,81,80,63,0,-1,SNA,OAK,371,13,5,0,,0,0,0,0,0,0
2007,1,1,1,1811,1805,1925,1925,WN,2217,N247,74,80,64,0,6,SNA,OAK,371,5,5,0,,0,0,0,0,0,0
2007,1,1,1,1946,1920,2110,2045,WN,2347,N204,84,85,67,25,26,SNA,OAK,371,5,12,0,,0,10,0,0,0,15
2007,1,1,1,2154,2115,2308,2235,WN,2449,N711HK,74,80,63,33,39,SNA,OAK,371,5,6,0,,0,16,0,0,0,17
2007,1,1,1,1600,1550,1718,1710,WN,2450,N204,78,80,68,8,10,SNA,OAK,371,4,6,0,,0,0,0,0,0,0
2007,1,1,1,1325,1325,1443,1445,WN,2786,N725,78,80,65,-2,0,SNA,OAK,371,4,9,0,,0,0,0,0,0,0
2007,1,1,1,2052,2005,2214,2130,WN,2790,N774,82,85,65,44,47,SNA,OAK,371,8,9,0,,0,16,0,0,0,28
2007,1,1,1,905,905,1024,1025,WN,2992,N448,79,80,69,-1,0,SNA,OAK,371,4,6,0,,0,0,0,0,0,0
2007,1,1,1,1737,1645,1946,1855,WN,212,N663SW,69,70,55,51,52,SNA,PHX,338,6,8,0,,0,20,0,0,0,31
2007,1,1,1,1101,1100,1307,1315,WN,324,N765,66,75,54,-8,1,SNA,PHX,338,5,7,0,,0,0,0,0,0,0
2007,1,1,1,1402,1350,1610,1600,WN,466,N467,68,70,47,10,12,SNA,PHX,338,13,8,0,,0,0,0,0,0,0
2007,1,1,1,921,925,1119,1140,WN,1488,N465,58,75,49,-21,-4,SNA,PHX,338,4,5,0,,0,0,0,0,0,0
2008,1,3,4,2003,1955,2211,2225,WN,335,N712SW,128,150,116,-14,8,IAD,TPA,810,4,8,0,,0,NA,NA,NA,NA,NA
2008,1,3,4,754,735,1002,1000,WN,3231,N772SW,128,145,113,2,19,IAD,TPA,810,5,10,0,,0,NA,NA,NA,NA,NA
2008,1,3,4,628,620,804,750,WN,448,N428WN,96,90,76,14,8,IND,BWI,515,3,17,0,,0,NA,NA,NA,NA,NA
2008,1,3,4,926,930,1054,1100,WN,1746,N612SW,88,90,78,-6,-4,IND,BWI,515,3,7,0,,0,NA,NA,NA,NA,NA
2008,1,3,4,1829,1755,1959,1925,WN,3920,N464WN,90,90,77,34,34,IND,BWI,515,3,10,0,,0,2,0,0,0,32
2008,1,3,4,1940,1915,2121,2110,WN,378,N726SW,101,115,87,11,25,IND,JAX,688,4,10,0,,0,NA,NA,NA,NA,NA
2008,1,3,4,1937,1830,2037,1940,WN,509,N763SW,240,250,230,57,67,IND,LAS,1591,3,7,0,,0,10,0,0,0,47
2008,1,3,4,1039,1040,1132,1150,WN,535,N428WN,233,250,219,-18,-1,IND,LAS,1591,7,7,0,,0,NA,NA,NA,NA,NA
2008,1,3,4,617,615,652,650,WN,11,N689SW,95,95,70,2,2,IND,MCI,451,6,19,0,,0,NA,NA,NA,NA,NA
2008,1,3,4,1620,1620,1639,1655,WN,810,N648SW,79,95,70,-16,0,IND,MCI,451,3,6,0,,0,NA,NA,NA,NA,NA
2008,1,3,4,706,700,916,915,WN,100,N690SW,130,135,106,1,6,IND,MCO,828,5,19,0,,0,NA,NA,NA,NA,NA
2008,1,3,4,1644,1510,1845,1725,WN,1333,N334SW,121,135,107,80,94,IND,MCO,828,6,8,0,,0,8,0,0,0,72
2008,1,3,4,1426,1430,1426,1425,WN,829,N476WN,60,55,39,1,-4,IND,MDW,162,9,12,0,,0,NA,NA,NA,NA,NA
2008,1,3,4,715,715,720,710,WN,1016,N765SW,65,55,37,10,0,IND,MDW,162,7,21,0,,0,NA,NA,NA,NA,NA
2008,1,3,4,1702,1700,1651,1655,WN,1827,N420WN,49,55,35,-4,2,IND,MDW,162,4,10,0,,0,NA,NA,NA,NA,NA
2008,1,3,4,1029,1020,1021,1010,WN,2272,N263WN,52,50,37,11,9,IND,MDW,162,6,9,0,,0,NA,NA,NA,NA,NA
2008,1,3,4,1452,1425,1640,1625,WN,675,N286WN,228,240,213,15,27,IND,PHX,1489,7,8,0,,0,3,0,0,0,12
2008,1,3,4,754,745,940,955,WN,1144,N778SW,226,250,205,-15,9,IND,PHX,1489,5,16,0,,0,NA,NA,NA,NA,NA
2008,1,3,4,1323,1255,1526,1510,WN,4,N674AA,123,135,110,16,28,IND,TPA,838,4,9,0,,0,0,0,0,0,16
2008,1,3,4,1416,1325,1512,1435,WN,54,N643SW,56,70,49,37,51,ISP,BWI,220,2,5,0,,0,12,0,0,0,25
2008,1,3,4,706,705,807,810,WN,68,N497WN,61,65,51,-3,1,ISP,BWI,220,3,7,0,,0,NA,NA,NA,NA,NA
2008,1,3,4,1657,1625,1754,1735,WN,623,N724SW,57,70,47,19,32,ISP,BWI,220,5,5,0,,0,7,0,0,0,12
2008,1,3,4,1900,1840,1956,1950,WN,717,N786SW,56,70,49,6,20,ISP,BWI,220,2,5,0,,0,NA,NA,NA,NA,NA
2008,1,3,4,1039,1030,1133,1140,WN,1244,N714CB,54,70,47,-7,9,ISP,BWI,220,2,5,0,,0,NA,NA,NA,NA,NA
2008,1,3,4,801,800,902,910,WN,2101,N222WN,61,70,53,-8,1,ISP,BWI,220,3,5,0,,0,NA,NA,NA,NA,NA
2008,1,3,4,1520,1455,1619,1605,WN,2553,N394SW,59,70,50,14,25,ISP,BWI,220,2,7,0,,0,NA,NA,NA,NA,NA
2008,1,3,4,1422,1255,1657,1610,WN,188,N215WN,155,195,143,47,87,ISP,FLL,1093,6,6,0,,0,40,0,0,0,7
2008,1,3,4,1954,1925,2239,2235,WN,1754,N243WN,165,190,155,4,29,ISP,FLL,1093,3,7,0,,0,NA,NA,NA,NA,NA
2008,1,3,4,636,635,921,945,WN,2275,N454WN,165,190,147,-24,1,ISP,FLL,1093,5,13,0,,0,NA,NA,NA,NA,NA
2008,1,3,4,734,730,958,1020,WN,550,N712SW,324,350,314,-22,4,ISP,LAS,2283,2,8,0,,0,NA,NA,NA,NA,NA
2008,1,3,4,2107,1945,2334,2230,WN,362,N798SW,147,165,134,64,82,ISP,MCO,972,6,7,0,,0,5,0,0,0,59
2008,1,3,4,1008,1005,1234,1255,WN,543,N736SA,146,170,135,-21,3,ISP,MCO,972,5,6,0,,0,NA,NA,NA,NA,NA
2008,1,3,4,712,710,953,1000,WN,1112,N795SW,161,170,142,-7,2,ISP,MCO,972,5,14,0,,0,NA,NA,NA,NA,NA
2008,1,3,4,1312,1300,1546,1550,WN,1397,N247WN,154,170,140,-4,12,ISP,MCO,972,7,7,0,,0,NA,NA,NA,NA,NA
2008,1,3,4,1449,1430,1715,1720,WN,3398,N707SA,146,170,134,-5,19,ISP,MCO,972,6,6,0,,0,NA,NA,NA,NA,NA
2008,1,3,4,1634,1555,1859,1845,WN,3480,N443WN,145,170,134,14,39,ISP,MCO,972,5,6,0,,0,NA,NA,NA,NA,NA
2008,1,3,4,831,830,935,955,WN,300,N753SW,124,145,112,-20,1,ISP,MDW,765,5,7,0,,0,NA,NA,NA,NA,NA
2008,1,3,4,1812,1650,1927,1815,WN,422,N779SW,135,145,118,72,82,ISP,MDW,765,6,11,0,,0,3,0,0,0,69
2008,1,3,4,1127,1105,1235,1230,WN,1837,N704SW,128,145,114,5,22,ISP,MDW,765,9,5,0,,0,NA,NA,NA,NA,NA
2008,1,3,4,1424,1355,1531,1520,WN,2871,N709SW,127,145,113,11,29,ISP,MDW,765,8,6,0,,0,NA,NA,NA,NA,NA
2008,1,3,4,1326,1230,1559,1530,WN,1056,N459WN,153,180,143,29,56,ISP,PBI,1052,5,5,0,,0,0,0,0,0,29
2008,1,3,4,1749,1725,2019,2030,WN,2175,N621SW,150,185,138,-11,24,ISP,PBI,1052,4,8,0,,0,NA,NA,NA,NA,NA
2008,1,3,4,726,720,958,1020,WN,3319,N206WN,152,180,140,-22,6,ISP,PBI,1052,4,8,0,,0,NA,NA,NA,NA,NA
2008,1,3,4,646,640,929,955,WN,3667,N280WN,163,195,151,-26,6,ISP,RSW,1101,3,9,0,,0,NA,NA,NA,NA,NA
2008,1,3,4,1153,1140,1428,1440,WN,2006,N241WN,155,180,143,-12,13,ISP,TPA,1034,4,8,0,,0,NA,NA,NA,NA,NA
2008,1,3,4,1528,1510,1802,1810,WN,3858,N200WN,154,180,144,-8,18,ISP,TPA,1034,4,6,0,,0,NA,NA,NA,NA,NA
2008,1,3,4,634,635,907,935,WN,3928,N459WN,153,180,142,-28,-1,ISP,TPA,1034,3,8,0,,0,NA,NA,NA,NA,NA
2008,1,3,4,831,830,1148,1140,WN,534,N286WN,137,130,123,8,1,JAN,BWI,888,5,9,0,,0,NA,NA,NA,NA,NA
2008,1,3,4,1450,1435,1806,1745,WN,3244,N475WN,136,130,121,21,15,JAN,BWI,888,7,8,0,,0,0,0,6,0,15
2008,1,3,4,2245,1730,2354,1850,WN,186,N792SW,69,80,59,304,315,JAN,HOU,359,3,7,0,,0,282,0,0,0,22
2008,1,3,4,615,615,724,735,WN,971,N202WN,69,80,60,-11,0,JAN,HOU,359,2,7,0,,0,NA,NA,NA,NA,NA
2008,1,3,4,1150,1145,1303,1305,WN,2124,N646SW,73,80,63,-2,5,JAN,HOU,359,3,7,0,,0,NA,NA,NA,NA,NA
2008,1,3,4,2025,1940,2135,2100,WN,3154,N252WN,70,80,60,35,45,JAN,HOU,359,3,7,0,,0,26,0,0,0,9
2008,1,3,4,1038,945,1314,1225,WN,1035,N346SW,96,100,81,49,53,JAN,MCO,587,8,7,0,,0,7,0,0,0,42
2008,1,3,4,1900,1850,2123,2045,WN,205,N299WN,143,115,97,38,10,JAN,MDW,666,40,6,0,,0,1,0,28,0,9
2008,1,3,4,700,700,851,900,WN,449,N528SW,111,120,99,-9,0,JAN,MDW,666,6,6,0,,0,NA,NA,NA,NA,NA
2008,1,3,4,948,925,959,940,WN,3430,N487WN,71,75,59,19,23,JAX,BHM,365,3,9,0,,0,0,0,0,0,19
2008,1,3,4,646,620,725,655,WN,1580,N243WN,99,95,77,30,26,JAX,BNA,484,6,16,0,,0,26,0,4,0,0
2008,1,3,4,1110,1040,1136,1110,WN,2195,N479WN,86,90,72,26,30,JAX,BNA,484,5,9,0,,0,0,0,0,10,16
2008,1,3,4,1535,1535,1603,1610,WN,2804,N255WN,88,95,74,-7,0,JAX,BNA,484,5,9,0,,0,NA,NA,NA,NA,NA
2008,1,3,4,1919,1915,1942,1950,WN,3428,N215WN,83,95,71,-8,4,JAX,BNA,484,4,8,0,,0,NA,NA,NA,NA,NA
2008,1,3,4,1053,1055,1245,1240,WN,433,N264LV,112,105,96,5,-2,JAX,BWI,663,7,9,0,,0,NA,NA,NA,NA,NA
2008,1,3,4,1206,1200,1328,1315,WN,3655,N465WN,82,75,63,13,6,LAX,OAK,337,4,15,0,,0,NA,NA,NA,NA,NA
2008,1,3,4,700,700,816,815,WN,3756,N302SW,76,75,62,1,0,LAX,OAK,337,5,9,0,,0,NA,NA,NA,NA,NA
2008,1,3,4,1609,1600,1819,1815,WN,90,N609SW,70,75,56,4,9,LAX,PHX,370,5,9,0,,0,NA,NA,NA,NA,NA
2008,1,3,4,1811,1725,2016,1940,WN,109,N269WN,65,75,52,36,46,LAX,PHX,370,6,7,0,,0,5,0,0,0,31
2008,1,3,4,815,815,1034,1030,WN,236,N735SA,79,75,56,4,0,LAX,PHX,370,7,16,0,,0,NA,NA,NA,NA,NA
2008,1,3,4,600,600,805,815,WN,277,N619SW,65,75,51,-10,0,LAX,PHX,370,4,10,0,,0,NA,NA,NA,NA,NA
2008,1,3,4,1851,1830,2059,2045,WN,314,N229WN,68,75,59,14,21,LAX,PHX,370,3,6,0,,0,NA,NA,NA,NA,NA
2008,1,3,4,2020,1905,2225,2115,WN,386,N718SW,65,70,56,70,75,LAX,PHX,370,4,5,0,,0,0,0,0,0,70
2008,1,3,4,1204,1150,1407,1405,WN,463,N342SW,63,75,53,2,14,LAX,PHX,370,3,7,0,,0,NA,NA,NA,NA,NA
2008,1,3,4,2116,2040,2318,2250,WN,520,N283WN,62,70,53,28,36,LAX,PHX,370,3,6,0,,0,5,0,0,0,23
2008,1,3,4,1556,1440,1804,1655,WN,746,N637SW,68,75,52,69,76,LAX,PHX,370,4,12,0,,0,69,0,0,0,0
2008,1,3,4,1040,1005,1241,1220,WN,1058,N202WN,61,75,50,21,35,LAX,PHX,370,4,7,0,,0,15,0,0,0,6
2008,1,3,4,940,920,1149,1135,WN,1155,N288WN,69,75,52,14,20,LAX,PHX,370,6,11,0,,0,NA,NA,NA,NA,NA
2008,1,3,4,1419,1335,1624,1550,WN,2015,N792SW,65,75,53,34,44,LAX,PHX,370,3,9,0,,0,11,0,0,0,23
2008,1,3,4,635,635,840,850,WN,2452,N746SW,65,75,53,-10,0,LAX,PHX,370,4,8,0,,0,NA,NA,NA,NA,NA
2008,1,3,4,1738,1720,1848,1835,WN,225,N283WN,70,75,58,13,18,LAX,RNO,390,4,8,0,,0,NA,NA,NA,NA,NA
2008,1,3,4,853,845,1000,1005,WN,1844,N313SW,67,80,56,-5,8,LAX,RNO,390,5,6,0,,0,NA,NA,NA,NA,NA
2008,1,3,4,1422,1400,1532,1520,WN,2360,N618WN,70,80,60,12,22,LAX,RNO,390,3,7,0,,0,NA,NA,NA,NA,NA
2008,1,3,4,1159,1150,1635,1635,WN,2624,N693SW,156,165,141,0,9,LAX,SAT,1210,3,12,0,,0,NA,NA,NA,NA,NA
2008,1,3,4,708,710,829,835,WN,457,N738CB,81,85,61,-6,-2,LAX,SFO,337,4,16,0,,0,NA,NA,NA,NA,NA
2008,1,3,4,NA,905,NA,1025,WN,469,,NA,80,NA,NA,NA,LAX,SFO,337,NA,NA,1,A,0,NA,NA,NA,NA,NA
2008,1,3,4,2321,1955,38,2115,WN,593,N901WN,77,80,65,203,206,LAX,SFO,337,6,6,0,,0,0,0,203,0,0
2008,1,3,4,NA,1620,NA,1740,WN,618,,NA,80,NA,NA,NA,LAX,SFO,337,NA,NA,1,C,0,NA,NA,NA,NA,NA
2008,1,3,4,2008,1805,2139,1930,WN,646,N738CB,91,85,70,129,123,LAX,SFO,337,5,16,0,,0,0,24,6,0,99
2008,1,3,4,1625,1430,1748,1550,WN,656,N738CB,83,80,67,118,115,LAX,SFO,337,3,13,0,,0,0,0,5,0,113
2008,1,3,4,1305,1050,1421,1210,WN,680,N738CB,76,80,63,131,135,LAX,SFO,337,5,8,0,,0,0,0,131,0,0
2008,1,3,4,1558,1245,1709,1405,WN,776,N901WN,71,80,60,184,193,LAX,SFO,337,7,4,0,,0,184,0,0,0,0
2008,1,3,4,1600,1455,1714,1600,WN,173,N331SW,74,65,54,74,65,LAX,SJC,308,5,15,0,,0,14,0,9,0,51
2008,1,3,4,1516,1500,1614,1605,WN,41,N240WN,58,65,49,9,16,LIT,DAL,296,3,6,0,,0,NA,NA,NA,NA,NA
2008,1,3,4,1752,1705,1854,1810,WN,49,N502SW,62,65,49,44,47,LIT,DAL,296,4,9,0,,0,0,0,0,0,44
2008,1,3,4,1251,1235,1348,1340,WN,700,N678AA,57,65,48,8,16,LIT,DAL,296,3,6,0,,0,NA,NA,NA,NA,NA
2008,1,3,4,1108,1100,1206,1205,WN,2177,N522SW,58,65,49,1,8,LIT,DAL,296,3,6,0,,0,NA,NA,NA,NA,NA
2008,1,3,4,2029,1950,2127,2055,WN,2263,N514SW,58,65,49,32,39,LIT,DAL,296,3,6,0,,0,0,0,0,0,32
2008,1,3,4,806,805,909,910,WN,3748,N610WN,63,65,49,-1,1,LIT,DAL,296,6,8,0,,0,NA,NA,NA,NA,NA
2008,1,3,4,1417,1405,1535,1530,WN,231,N787SA,78,85,71,5,12,LIT,HOU,393,2,5,0,,0,NA,NA,NA,NA,NA
2008,1,3,4,1319,1310,1440,1440,WN,3053,N418WN,201,210,188,0,9,LIT,LAS,1295,5,8,0,,0,NA,NA,NA,NA,NA
2008,1,3,4,1051,1035,1246,1215,WN,8,N339SW,115,100,82,31,16,LIT,MDW,544,25,8,0,,0,16,0,15,0,0
2008,1,3,4,730,730,933,945,WN,250,N519SW,183,195,167,-12,0,LIT,PHX,1136,4,12,0,,0,NA,NA,NA,NA,NA
2008,1,3,4,1846,1815,1951,1920,WN,3168,N513SW,65,65,53,31,31,LIT,STL,296,4,8,0,,0,4,0,0,0,27
2008,1,3,4,642,640,752,745,WN,3757,N446WN,70,65,51,7,2,LIT,STL,296,4,15,0,,0,NA,NA,NA,NA,NA
2008,1,3,4,1615,1130,1623,1135,WN,10,N617SW,68,65,56,288,285,MAF,ABQ,332,4,8,0,,0,285,0,3,0,0
2008,1,3,4,730,735,822,835,WN,1194,N664WN,52,60,42,-13,-5,MAF,AUS,294,3,7,0,,0,NA,NA,NA,NA,NA
2008,1,3,4,1852,1830,1942,1925,WN,2374,N379SW,50,55,40,17,22,MAF,AUS,294,3,7,0,,0,0,0,0,0,17
2008,1,3,4,1602,1535,1701,1635,WN,43,N503SW,59,60,46,26,27,MAF,DAL,319,3,10,0,,0,0,0,0,0,26
2008,1,3,4,1836,1805,1930,1905,WN,53,N527SW,54,60,46,25,31,MAF,DAL,319,3,5,0,,0,0,0,0,0,25
2008,1,3,4,1956,1945,2056,2045,WN,271,N512SW,60,60,46,11,11,MAF,DAL,319,2,12,0,,0,NA,NA,NA,NA,NA
2008,1,3,4,944,915,1046,1015,WN,914,N692SW,62,60,53,31,29,MAF,DAL,319,2,7,0,,0,0,0,2,0,29
2008,1,3,4,625,630,723,730,WN,974,N410WN,58,60,45,-7,-5,MAF,DAL,319,4,9,0,,0,NA,NA,NA,NA,NA
2008,1,3,4,1306,1305,1404,1405,WN,1430,N523SW,58,60,47,-1,1,MAF,DAL,319,4,7,0,,0,NA,NA,NA,NA,NA
2008,1,3,4,702,705,814,820,WN,539,N417WN,72,75,61,-6,-3,MAF,HOU,441,2,9,0,,0,NA,NA,NA,NA,NA
2008,1,3,4,1625,1450,1731,1605,WN,3828,N333SW,66,75,57,86,95,MAF,HOU,441,2,7,0,,0,85,0,0,0,1
2008,1,3,4,1739,1730,1758,1750,WN,317,N335SW,139,140,123,8,9,MAF,LAS,796,4,12,0,,0,NA,NA,NA,NA,NA
2008,1,3,4,1905,1850,2010,2000,WN,1493,N356SW,125,130,106,10,15,MCI,ABQ,718,5,14,0,,0,NA,NA,NA,NA,NA
2008,1,3,4,856,850,950,1000,WN,1655,N669SW,114,130,102,-10,6,MCI,ABQ,718,4,8,0,,0,NA,NA,NA,NA,NA
2008,1,3,4,811,810,932,935,WN,112,N527SW,81,85,68,-3,1,MCI,BNA,491,3,10,0,,0,NA,NA,NA,NA,NA
2008,1,3,4,1159,1150,1325,1310,WN,290,N224WN,86,80,69,15,9,MCI,BNA,491,5,12,0,,0,6,0,6,0,3
2008,1,3,4,2130,2115,2300,2235,WN,1568,N227WN,90,80,65,25,15,MCI,BNA,491,11,14,0,,0,0,0,10,0,15
2008,1,3,4,1708,1710,1829,1835,WN,1668,N262WN,81,85,68,-6,-2,MCI,BNA,491,5,8,0,,0,NA,NA,NA,NA,NA
2008,1,3,4,646,645,1012,1005,WN,3062,N415WN,146,140,128,7,1,MCI,BWI,967,7,11,0,,0,NA,NA,NA,NA,NA
2008,1,3,4,1404,1350,1726,1710,WN,3320,N354SW,142,140,125,16,14,MCI,BWI,967,9,8,0,,0,10,0,2,0,4
2008,1,3,4,1958,1930,2310,2250,WN,3829,N465WN,132,140,118,20,28,MCI,BWI,967,5,9,0,,0,0,0,0,0,20
2008,1,3,4,726,725,850,900,WN,11,N689SW,84,95,71,-10,1,MCI,DAL,461,4,9,0,,0,NA,NA,NA,NA,NA
2008,1,3,4,937,910,1102,1040,WN,19,N511SW,85,90,71,22,27,MCI,DAL,461,4,10,0,,0,2,0,0,0,20
2008,1,3,4,1251,1235,1415,1405,WN,33,N525SW,84,90,70,10,16,MCI,DAL,461,4,10,0,,0,NA,NA,NA,NA,NA
2008,1,3,4,2009,1910,2132,2040,WN,59,N628SW,83,90,70,52,59,MCI,DAL,461,2,11,0,,0,0,0,0,0,52
2008,1,3,4,1602,1605,1724,1735,WN,2010,N210WN,82,90,69,-11,-3,MCI,DAL,461,3,10,0,,0,NA,NA,NA,NA,NA
2008,1,3,4,2102,2100,2225,2230,WN,3239,N485WN,83,90,67,-5,2,MCI,DAL,461,4,12,0,,0,NA,NA,NA,NA,NA
2008,1,3,4,1101,1055,1142,1145,WN,454,N603SW,101,110,84,-3,6,MCI,DEN,533,6,11,0,,0,NA,NA,NA,NA,NA
2008,1,3,4,1917,1855,1959,1940,WN,977,N376SW,102,105,88,19,22,MCI,DEN,533,6,8,0,,0,3,0,0,0,16
2008,1,3,4,1502,1440,1540,1525,WN,1151,N386SW,98,105,83,15,22,MCI,DEN,533,5,10,0,,0,12,0,0,0,3
2008,1,3,4,643,630,726,720,WN,1235,N600WN,103,110,83,6,13,MCI,DEN,533,9,11,0,,0,NA,NA,NA,NA,NA
2008,1,3,4,1038,1010,1259,1230,WN,4,N674AA,81,80,63,29,28,MCI,IND,451,8,10,0,,0,3,0,1,0,25
2008,1,3,4,1920,1850,2140,2110,WN,321,N742SW,80,80,61,30,30,MCI,IND,451,9,10,0,,0,30,0,0,0,0
2008,1,3,4,1429,1420,1531,1535,WN,187,N690SW,182,195,168,-4,9,MCI,LAS,1140,4,10,0,,0,NA,NA,NA,NA,NA
2008,1,3,4,1211,1210,1333,1320,WN,488,N615SW,202,190,167,13,1,MCI,LAS,1140,27,8,0,,0,NA,NA,NA,NA,NA
2008,1,3,4,1801,1725,1900,1835,WN,962,N302SW,179,190,164,25,36,MCI,LAS,1140,6,9,0,,0,10,0,0,0,15
2008,1,3,4,725,655,819,810,WN,1670,N742SW,174,195,162,9,30,MCI,LAS,1140,3,9,0,,0,NA,NA,NA,NA,NA
2008,1,3,4,903,900,1003,1010,WN,2193,N352SW,180,190,163,-7,3,MCI,LAS,1140,5,12,0,,0,NA,NA,NA,NA,NA
2008,1,3,4,2016,2020,2141,2130,WN,3774,N442WN,205,190,174,11,-4,MCI,LAS,1140,20,11,0,,0,NA,NA,NA,NA,NA
2008,1,3,4,1751,1720,1938,1905,WN,810,N648SW,227,225,200,33,31,MCI,LAX,1363,18,9,0,,0,31,0,2,0,0
2008,1,3,4,645,635,822,820,WN,1844,N313SW,217,225,196,2,10,MCI,LAX,1363,10,11,0,,0,NA,NA,NA,NA,NA
2008,1,3,4,1518,1455,1658,1640,WN,3155,N449WN,220,225,203,18,23,MCI,LAX,1363,6,11,0,,0,9,0,0,0,9
2008,1,3,4,1029,1025,1206,1205,WN,3778,N730SW,217,220,195,1,4,MCI,LAX,1363,12,10,0,,0,NA,NA,NA,NA,NA
2008,1,3,4,1922,1850,2253,2225,WN,730,N756SA,151,155,135,28,32,MCI,MCO,1072,5,11,0,,0,0,0,0,0,28
2008,1,3,4,1252,1245,1625,1625,WN,1949,N650SW,153,160,136,0,7,MCI,MCO,1072,6,11,0,,0,NA,NA,NA,NA,NA
2008,1,3,4,723,705,1053,1050,WN,2279,N662SW,150,165,134,3,18,MCI,MCO,1072,6,10,0,,0,NA,NA,NA,NA,NA
2008,1,3,4,1550,1545,1709,1705,WN,26,N330SW,79,80,62,4,5,MCI,MDW,405,5,12,0,,0,NA,NA,NA,NA,NA
2008,1,3,4,2229,2100,2343,2215,WN,48,N661SW,74,75,60,88,89,MCI,MDW,405,5,9,0,,0,1,0,0,0,87
2008,1,3,4,848,835,1008,955,WN,95,N499WN,80,80,64,13,13,MCI,MDW,405,5,11,0,,0,NA,NA,NA,NA,NA
2008,1,3,4,1811,1805,1934,1925,WN,154,N353SW,83,80,62,9,6,MCI,MDW,405,10,11,0,,0,NA,NA,NA,NA,NA
2008,1,3,4,1028,1010,1154,1130,WN,308,N502SW,86,80,66,24,18,MCI,MDW,405,8,12,0,,0,16,0,6,0,2
2008,1,3,4,617,615,743,735,WN,424,N713SW,86,80,59,8,2,MCI,MDW,405,6,21,0,,0,NA,NA,NA,NA,NA
2008,1,3,4,712,715,833,835,WN,748,N416WN,81,80,61,-2,-3,MCI,MDW,405,7,13,0,,0,NA,NA,NA,NA,NA
2008,1,3,4,1330,1330,1439,1450,WN,772,N675AA,69,80,56,-11,0,MCI,MDW,405,5,8,0,,0,NA,NA,NA,NA,NA
2008,1,3,4,1631,1630,1749,1750,WN,1006,N628SW,78,80,62,-1,1,MCI,MDW,405,5,11,0,,0,NA,NA,NA,NA,NA
2008,1,3,4,1430,1430,1549,1545,WN,1685,N341SW,79,75,63,4,0,MCI,MDW,405,4,12,0,,0,NA,NA,NA,NA,NA
2008,1,3,4,1215,1215,1344,1335,WN,1916,N357SW,89,80,60,9,0,MCI,MDW,405,20,9,0,,0,NA,NA,NA,NA,NA
2008,1,3,4,2014,1935,2143,2055,WN,3915,N528SW,89,80,60,48,39,MCI,MDW,405,20,9,0,,0,0,0,9,0,39
2008,1,3,4,901,900,1051,1100,WN,425,N267WN,230,240,216,-9,1,MCI,OAK,1489,4,10,0,,0,NA,NA,NA,NA,NA
2008,1,3,4,1548,1530,1749,1735,WN,3307,N667SW,241,245,228,14,18,MCI,OAK,1489,5,8,0,,0,NA,NA,NA,NA,NA
2008,1,3,4,621,620,729,730,WN,215,N248WN,68,70,49,-1,1,MCI,OKC,313,4,15,0,,0,NA,NA,NA,NA,NA
2008,1,3,4,1130,1120,1232,1225,WN,449,N528SW,62,65,50,7,10,MCI,OKC,313,2,10,0,,0,NA,NA,NA,NA,NA
2008,1,3,4,2135,2125,2239,2235,WN,727,N399WN,64,70,50,4,10,MCI,OKC,313,4,10,0,,0,NA,NA,NA,NA,NA
2008,1,3,4,1804,1700,1918,1810,WN,1257,N507SW,74,70,47,68,64,MCI,OKC,313,19,8,0,,0,0,0,4,0,64
2008,1,3,4,1309,1230,1455,1425,WN,914,N692SW,226,235,214,30,39,MCI,PDX,1481,4,8,0,,0,5,0,0,0,25
2008,1,3,4,654,640,839,845,WN,453,N232WN,165,185,151,-6,14,MCI,PHX,1044,4,10,0,,0,NA,NA,NA,NA,NA
2008,1,3,4,1644,1635,1839,1830,WN,655,N728SW,175,175,160,9,9,MCI,PHX,1044,5,10,0,,0,NA,NA,NA,NA,NA
2008,1,3,4,2128,2025,2328,2220,WN,1579,N775SW,180,175,162,68,63,MCI,PHX,1044,5,13,0,,0,4,0,5,0,59
2008,1,3,4,1108,1045,1255,1240,WN,3943,N310SW,167,175,154,15,23,MCI,PHX,1044,5,8,0,,0,11,0,0,0,4
2008,1,3,4,1654,1655,1844,1830,WN,1209,N653SW,230,215,203,14,-1,MCI,SAN,1333,20,7,0,,0,NA,NA,NA,NA,NA
2008,1,3,4,811,755,937,935,WN,2298,N338SW,206,220,187,2,16,MCI,SAN,1333,12,7,0,,0,NA,NA,NA,NA,NA
2008,1,3,4,1518,1430,1704,1640,WN,1308,N391SW,226,250,214,24,48,MCI,SEA,1489,3,9,0,,0,4,0,0,0,20
2008,1,3,4,1911,1850,2054,2045,WN,102,N639SW,223,235,208,9,21,MCI,SMF,1442,5,10,0,,0,NA,NA,NA,NA,NA
2008,1,3,4,625,625,717,720,WN,63,N768SW,52,55,37,-3,0,MCI,STL,237,3,12,0,,0,NA,NA,NA,NA,NA
2008,1,3,4,1537,1450,1628,1545,WN,283,N213WN,51,55,37,43,47,MCI,STL,237,4,10,0,,0,0,0,0,0,43
2008,1,3,4,2037,2020,2129,2115,WN,1230,N677AA,52,55,36,14,17,MCI,STL,237,4,12,0,,0,NA,NA,NA,NA,NA
2008,1,3,4,901,905,948,1000,WN,1488,N461WN,47,55,36,-12,-4,MCI,STL,237,4,7,0,,0,NA,NA,NA,NA,NA
2008,5,12,1,1712,1650,1927,1900,MQ,3860,N857AE,135,130,115,27,22,VPS,DFW,626,8,12,0,,0,3,0,5,0,19
2008,5,13,2,1746,1650,2000,1900,MQ,3860,N819AE,134,130,119,60,56,VPS,DFW,626,8,7,0,,0,0,0,4,0,56
2008,5,14,3,1722,1650,1938,1900,MQ,3860,N820AE,136,130,117,38,32,VPS,DFW,626,5,14,0,,0,0,0,6,0,32
2008,5,15,4,832,1650,1046,1900,MQ,3860,N906AE,134,130,117,946,942,VPS,DFW,626,8,9,0,,0,932,0,4,0,10
2008,5,16,5,1706,1650,1915,1900,MQ,3860,N810AE,129,130,108,15,16,VPS,DFW,626,12,9,0,,0,0,0,0,0,15
2008,5,17,6,1644,1650,1851,1900,MQ,3860,N695AE,127,130,109,-9,-6,VPS,DFW,626,9,9,0,,0,NA,NA,NA,NA,NA
2008,5,18,7,1641,1650,1845,1900,MQ,3860,N669MB,124,130,106,-15,-9,VPS,DFW,626,11,7,0,,0,NA,NA,NA,NA,NA
2008,5,19,1,1651,1650,1858,1900,MQ,3860,N831AE,127,130,106,-2,1,VPS,DFW,626,8,13,0,,0,NA,NA,NA,NA,NA
2008,5,20,2,1648,1650,1854,1900,MQ,3860,N632AE,126,130,107,-6,-2,VPS,DFW,626,10,9,0,,0,NA,NA,NA,NA,NA
2008,5,21,3,1725,1650,1934,1900,MQ,3860,N803AE,129,130,109,34,35,VPS,DFW,626,11,9,0,,0,4,0,0,0,30
2008,5,22,4,1705,1650,1937,1900,MQ,3860,N813AE,152,130,118,37,15,VPS,DFW,626,10,24,0,,0,4,0,22,0,11
2008,5,23,5,1650,1650,1854,1900,MQ,3860,N842AE,124,130,108,-6,0,VPS,DFW,626,5,11,0,,0,NA,NA,NA,NA,NA
2008,5,24,6,1704,1650,1905,1900,MQ,3860,N812AE,121,130,102,5,14,VPS,DFW,626,10,9,0,,0,NA,NA,NA,NA,NA
2008,5,25,7,1703,1650,1904,1900,MQ,3860,N941LT,121,130,101,4,13,VPS,DFW,626,5,15,0,,0,NA,NA,NA,NA,NA
2008,5,26,1,1645,1650,1853,1900,MQ,3860,N932AE,128,130,107,-7,-5,VPS,DFW,626,12,9,0,,0,NA,NA,NA,NA,NA
2008,5,27,2,NA,1650,NA,1900,MQ,3860,,NA,130,NA,NA,NA,VPS,DFW,626,NA,NA,1,B,0,NA,NA,NA,NA,NA
2008,5,28,3,1646,1650,1848,1900,MQ,3860,N836AE,122,130,99,-12,-4,VPS,DFW,626,13,10,0,,0,NA,NA,NA,NA,NA
2008,5,29,4,1650,1650,1850,1900,MQ,3860,N844AE,120,130,98,-10,0,VPS,DFW,626,8,14,0,,0,NA,NA,NA,NA,NA
2008,5,30,5,1649,1650,1856,1900,MQ,3860,N831AE,127,130,102,-4,-1,VPS,DFW,626,11,14,0,,0,NA,NA,NA,NA,NA
2008,5,31,6,1650,1650,1901,1900,MQ,3860,N855AE,131,130,104,1,0,VPS,DFW,626,12,15,0,,0,NA,NA,NA,NA,NA
2008,5,1,4,1431,1425,1617,1625,MQ,3861,N810AE,106,120,83,-8,6,DFW,VPS,626,7,16,0,,0,NA,NA,NA,NA,NA
2008,5,2,5,1504,1425,1705,1625,MQ,3861,N829AE,121,120,98,40,39,DFW,VPS,626,5,18,0,,0,13,0,1,0,26
2008,5,3,6,1429,1425,1616,1625,MQ,3861,N827AE,107,120,80,-9,4,DFW,VPS,626,8,19,0,,0,NA,NA,NA,NA,NA
2008,5,4,7,1441,1425,1624,1625,MQ,3861,N830AE,103,120,79,-1,16,DFW,VPS,626,9,15,0,,0,NA,NA,NA,NA,NA
2008,5,5,1,1427,1425,1652,1625,MQ,3861,N804AE,145,120,80,27,2,DFW,VPS,626,5,60,0,,0,0,0,27,0,0
2008,5,6,2,1438,1425,1628,1625,MQ,3861,N858AE,110,120,93,3,13,DFW,VPS,626,7,10,0,,0,NA,NA,NA,NA,NA
2008,5,7,3,1433,1425,1642,1625,MQ,3861,N840AE,129,120,94,17,8,DFW,VPS,626,7,28,0,,0,0,0,9,0,8
2008,5,8,4,1419,1425,1624,1625,MQ,3861,N856AE,125,120,83,-1,-6,DFW,VPS,626,11,31,0,,0,NA,NA,NA,NA,NA
2008,5,9,5,1420,1425,1603,1625,MQ,3861,N836AE,103,120,80,-22,-5,DFW,VPS,626,6,17,0,,0,NA,NA,NA,NA,NA
2008,5,10,6,1424,1425,1611,1625,MQ,3861,N857AE,107,120,76,-14,-1,DFW,VPS,626,9,22,0,,0,NA,NA,NA,NA,NA
2008,5,11,7,1433,1425,1615,1625,MQ,3861,N819AE,102,120,76,-10,8,DFW,VPS,626,8,18,0,,0,NA,NA,NA,NA,NA
2008,5,12,1,1449,1425,1644,1625,MQ,3861,N857AE,115,120,84,19,24,DFW,VPS,626,13,18,0,,0,19,0,0,0,0
2008,5,13,2,1504,1425,1724,1625,MQ,3861,N819AE,140,120,82,59,39,DFW,VPS,626,8,50,0,,0,0,0,20,0,39
2008,5,14,3,1505,1425,1657,1625,MQ,3861,N820AE,112,120,85,32,40,DFW,VPS,626,6,21,0,,0,6,0,0,0,26
2008,5,15,4,1422,1425,1613,1625,MQ,3861,N827AE,111,120,85,-12,-3,DFW,VPS,626,8,18,0,,0,NA,NA,NA,NA,NA
2008,5,16,5,1444,1425,1642,1625,MQ,3861,N810AE,118,120,92,17,19,DFW,VPS,626,9,17,0,,0,0,17,0,0,0
2008,5,17,6,1425,1425,1610,1625,MQ,3861,N695AE,105,120,81,-15,0,DFW,VPS,626,6,18,0,,0,NA,NA,NA,NA,NA
2008,5,18,7,1424,1425,1612,1625,MQ,3861,N669MB,108,120,84,-13,-1,DFW,VPS,626,7,17,0,,0,NA,NA,NA,NA,NA
2008,5,19,1,1427,1425,1612,1625,MQ,3861,N831AE,105,120,84,-13,2,DFW,VPS,626,10,11,0,,0,NA,NA,NA,NA,NA
2008,5,20,2,1422,1425,1627,1625,MQ,3861,N632AE,125,120,82,2,-3,DFW,VPS,626,5,38,0,,0,NA,NA,NA,NA,NA
2008,5,21,3,1510,1425,1656,1625,MQ,3861,N803AE,106,120,89,31,45,DFW,VPS,626,5,12,0,,0,31,0,0,0,0
2008,5,22,4,1425,1425,1636,1625,MQ,3861,N813AE,131,120,99,11,0,DFW,VPS,626,8,24,0,,0,NA,NA,NA,NA,NA
2008,5,23,5,1433,1425,1628,1625,MQ,3861,N842AE,115,120,87,3,8,DFW,VPS,626,11,17,0,,0,NA,NA,NA,NA,NA
2007,4,5,4,752,800,1007,1023,NW,733,N378NW,195,203,162,-16,-8,JFK,MSP,1028,7,26,0,,0,0,0,0,0,0
2007,4,6,5,754,800,943,1023,NW,733,N329NW,169,203,146,-40,-6,JFK,MSP,1028,5,18,0,,0,0,0,0,0,0
2007,4,7,6,756,800,1021,1023,NW,733,N366NB,205,203,142,-2,-4,JFK,MSP,1028,12,51,0,,0,0,0,0,0,0
2007,4,8,7,754,800,938,1023,NW,733,N321US,164,203,145,-45,-6,JFK,MSP,1028,3,16,0,,0,0,0,0,0,0
2007,4,1,7,1114,1115,1201,1203,NW,733,N333NW,47,48,27,-2,-1,MSP,DLH,144,10,10,0,,0,0,0,0,0,0
2007,4,2,1,1119,1115,1208,1203,NW,733,N352NB,49,48,29,5,4,MSP,DLH,144,12,8,0,,0,0,0,0,0,0
2007,4,3,2,1114,1115,1218,1203,NW,733,N304US,64,48,29,15,-1,MSP,DLH,144,6,29,0,,0,0,0,15,0,0
2007,4,4,3,1113,1115,1210,1203,NW,733,N355NW,57,48,31,7,-2,MSP,DLH,144,15,11,0,,0,0,0,0,0,0
2007,4,5,4,1113,1115,1200,1203,NW,733,N327NW,47,48,26,-3,-2,MSP,DLH,144,11,10,0,,0,0,0,0,0,0
2007,4,6,5,1140,1115,1227,1203,NW,733,N319US,47,48,28,24,25,MSP,DLH,144,6,13,0,,0,24,0,0,0,0
2007,4,8,7,1112,1115,1154,1203,NW,733,N326US,42,48,27,-9,-3,MSP,DLH,144,7,8,0,,0,0,0,0,0,0
2007,4,9,1,1255,1255,1642,1634,NW,734,N355NW,167,159,130,8,0,MSP,JFK,1028,10,27,0,,0,0,0,0,0,0
2007,4,10,2,1317,1255,1650,1634,NW,734,N377NB,153,159,126,16,22,MSP,JFK,1028,7,20,0,,0,16,0,0,0,0
2007,4,11,3,1310,1255,1702,1634,NW,734,N322US,172,159,136,28,15,MSP,JFK,1028,10,26,0,,0,15,0,13,0,0
2007,4,12,4,1403,1255,1759,1634,NW,734,N340NB,176,159,141,85,68,MSP,JFK,1028,12,23,0,,0,0,68,17,0,0
2007,4,13,5,1327,1255,1712,1634,NW,734,N332NB,165,159,120,38,32,MSP,JFK,1028,14,31,0,,0,0,32,6,0,0
2007,4,14,6,1254,1255,1639,1634,NW,734,N368NB,165,159,128,5,-1,MSP,JFK,1028,12,25,0,,0,0,0,0,0,0
2007,4,15,7,NA,1255,NA,1634,NW,734,N333NW,NA,159,NA,NA,NA,MSP,JFK,1028,0,0,1,C,0,0,0,0,0,0
2007,4,16,1,1448,1255,1851,1634,NW,734,N326US,183,159,140,137,113,MSP,JFK,1028,23,20,0,,0,0,113,24,0,0
2007,4,17,2,1328,1255,1714,1634,NW,734,N314US,166,159,140,40,33,MSP,JFK,1028,13,13,0,,0,22,0,7,0,11
2007,4,18,3,1509,1255,1930,1634,NW,734,N343NW,201,159,158,176,134,MSP,JFK,1028,14,29,0,,0,134,0,42,0,0
2007,4,19,4,1254,1255,1636,1634,NW,734,N359NW,162,159,141,2,-1,MSP,JFK,1028,8,13,0,,0,0,0,0,0,0
2007,4,20,5,1252,1255,1648,1634,NW,734,N314NB,176,159,154,14,-3,MSP,JFK,1028,7,15,0,,0,0,0,0,0,0
2007,4,21,6,1250,1255,1642,1634,NW,734,N342NB,172,159,137,8,-5,MSP,JFK,1028,9,26,0,,0,0,0,0,0,0
2007,4,22,7,1302,1255,1644,1634,NW,734,N324US,162,159,139,10,7,MSP,JFK,1028,6,17,0,,0,0,0,0,0,0
2007,4,23,1,1252,1255,1625,1634,NW,734,N369NW,153,159,133,-9,-3,MSP,JFK,1028,9,11,0,,0,0,0,0,0,0
2007,4,24,2,1250,1255,1626,1634,NW,734,N365NW,156,159,127,-8,-5,MSP,JFK,1028,14,15,0,,0,0,0,0,0,0
2007,4,25,3,1257,1255,1631,1634,NW,734,N360NW,154,159,125,-3,2,MSP,JFK,1028,14,15,0,,0,0,0,0,0,0
2007,4,26,4,1253,1255,1643,1634,NW,734,N343NB,170,159,140,9,-2,MSP,JFK,1028,6,24,0,,0,0,0,0,0,0
2007,4,27,5,1451,1255,1852,1634,NW,734,N337NW,181,159,137,138,116,MSP,JFK,1028,15,29,0,,0,0,0,138,0,0
2007,4,28,6,1302,1255,1651,1634,NW,734,N315US,169,159,134,17,7,MSP,JFK,1028,17,18,0,,0,7,0,10,0,0
2007,4,29,7,1255,1255,1812,1634,NW,734,N304US,257,159,135,98,0,MSP,JFK,1028,19,103,0,,0,0,0,98,0,0
2007,4,30,1,1253,1255,1633,1634,NW,734,N334NW,160,159,133,-1,-2,MSP,JFK,1028,18,9,0,,0,0,0,0,0,0
2007,4,9,1,1718,1724,1933,1948,NW,735,N355NW,195,204,144,-15,-6,JFK,MSP,1028,7,44,0,,0,0,0,0,0,0
2007,4,10,2,1729,1724,1954,1948,NW,735,N377NB,205,204,167,6,5,JFK,MSP,1028,9,29,0,,0,0,0,0,0,0
2007,4,11,3,1756,1724,2040,1948,NW,735,N322US,224,204,167,52,32,JFK,MSP,1028,13,44,0,,0,14,0,20,0,18
2007,4,12,4,1834,1724,2050,1948,NW,735,N340NB,196,204,148,62,70,JFK,MSP,1028,11,37,0,,0,0,0,0,0,62
2007,4,13,5,1807,1724,2101,1948,NW,735,N332NB,234,204,172,73,43,JFK,MSP,1028,5,57,0,,0,15,0,30,0,28
2007,4,14,6,1726,1724,1955,1948,NW,735,N368NB,209,204,154,7,2,JFK,MSP,1028,10,45,0,,0,0,0,0,0,0
2007,4,15,7,NA,1724,NA,1948,NW,735,N333NW,NA,204,NA,NA,NA,JFK,MSP,1028,0,0,1,C,0,0,0,0,0,0
2007,4,16,1,1925,1724,2117,1948,NW,735,N326US,172,204,147,89,121,JFK,MSP,1028,6,19,0,,0,0,0,0,0,89
2007,4,17,2,1749,1724,1959,1948,NW,735,N314US,190,204,144,11,25,JFK,MSP,1028,5,41,0,,0,0,0,0,0,0
2007,4,18,3,2005,1724,2218,1948,NW,735,N343NW,193,204,134,150,161,JFK,MSP,1028,3,56,0,,0,0,0,0,0,150
2007,4,19,4,1720,1724,1928,1948,NW,735,N359NW,188,204,144,-20,-4,JFK,MSP,1028,3,41,0,,0,0,0,0,0,0
2007,4,20,5,1729,1724,1951,1948,NW,735,N314NB,202,204,155,3,5,JFK,MSP,1028,2,45,0,,0,0,0,0,0,0
2007,4,21,6,1721,1724,1944,1948,NW,735,N342NB,203,204,149,-4,-3,JFK,MSP,1028,6,48,0,,0,0,0,0,0,0
2007,4,22,7,1723,1724,1940,1948,NW,735,N324US,197,204,144,-8,-1,JFK,MSP,1028,8,45,0,,0,0,0,0,0,0
2007,4,23,1,1716,1724,1950,1948,NW,735,N369NW,214,204,161,2,-8,JFK,MSP,1028,7,46,0,,0,0,0,0,0,0
2007,4,24,2,1720,1724,2026,1948,NW,735,N365NW,246,204,177,38,-4,JFK,MSP,1028,11,58,0,,0,0,0,38,0,0
2007,4,25,3,1721,1724,2012,1948,NW,735,N360NW,231,204,160,24,-3,JFK,MSP,1028,8,63,0,,0,0,0,24,0,0
2007,4,26,4,1728,1724,2004,1948,NW,735,N343NB,216,204,167,16,4,JFK,MSP,1028,6,43,0,,0,0,0,16,0,0
2007,4,27,5,1931,1724,2143,1948,NW,735,N337NW,192,204,142,115,127,JFK,MSP,1028,4,46,0,,0,0,0,0,0,115
2007,4,14,6,2109,2115,2220,2225,NW,735,N353NB,131,130,105,-5,-6,MSP,BIL,748,9,17,0,,0,0,0,0,0,0
2007,4,15,7,2118,2115,2226,2225,NW,735,N331NB,128,130,104,1,3,MSP,BIL,748,6,18,0,,0,0,0,0,0,0
2007,4,16,1,2109,2115,2224,2225,NW,735,N319NB,135,130,111,-1,-6,MSP,BIL,748,6,18,0,,0,0,0,0,0,0
2007,4,17,2,2113,2115,2212,2225,NW,735,N363NB,119,130,103,-13,-2,MSP,BIL,748,5,11,0,,0,0,0,0,0,0
2007,4,18,3,2124,2115,2236,2225,NW,735,N356NB,132,130,106,11,9,MSP,BIL,748,7,19,0,,0,0,0,0,0,0
2007,4,19,4,2119,2115,2231,2225,NW,735,N360NB,132,130,103,6,4,MSP,BIL,748,5,24,0,,0,0,0,0,0,0
2007,4,20,5,2111,2115,2213,2225,NW,735,N332NB,122,130,107,-12,-4,MSP,BIL,748,4,11,0,,0,0,0,0,0,0
2007,4,21,6,2109,2115,2224,2225,NW,735,N376NB,135,130,117,-1,-6,MSP,BIL,748,5,13,0,,0,0,0,0,0,0
2007,4,22,7,2115,2115,2235,2225,NW,735,N354NB,140,130,106,10,0,MSP,BIL,748,5,29,0,,0,0,0,0,0,0
2007,4,23,1,2111,2115,2221,2225,NW,735,N368NB,130,130,106,-4,-4,MSP,BIL,748,6,18,0,,0,0,0,0,0,0
2007,4,24,2,2118,2115,2252,2225,NW,735,N372NB,154,130,118,27,3,MSP,BIL,748,6,30,0,,0,0,0,27,0,0
2007,4,25,3,2109,2115,2303,2225,NW,735,N353NB,174,130,151,38,-6,MSP,BIL,748,8,15,0,,0,0,0,38,0,0
